3 47.9547108463018432 0.2083504027302352
3 47.9550527343363484 0.2085316323573805
3 47.9554031299608994 0.2087771226777124
3 47.9557112524529003 0.2091933395656476
3 47.9559474283310720 0.2097850905979626
3 47.9561563625987830 0.2103734344728814
2 47.9563508243672274 0.2107133673149964
2 47.9565376305538393 0.2111062575263412
2 47.9567867932390826 0.2110405451995612
3 47.9570738867538324 0.2110024423627555
3 47.9573015792811432 0.2114130473278841
3 47.9575682301937434 0.2119592073292487
3 47.9577497196348688 0.2123129184972239
3 47.9579671923961470 0.2128404436280618
3 47.9582036401914422 0.2132284573749343
3 47.9584821347572827 0.2134914764018125
2 47.9588919691782394 0.2139886133518787
2 47.9590893086713592 0.2143586370748407
2 47.9591476874183371 0.2148957720914857
2 47.9589883468002967 0.2153426074195042
2 47.9587667834091320 0.2156124735466691
3 47.9584761827959412 0.2156113163987117
3 47.9582004183468271 0.2154857335513705
3 47.9579334948727123 0.2151378024739414
3 47.9576900201762868 0.2148338865039512
3 47.9573952694319416 0.2143793522464987
3 47.9571462381569091 0.2139009391700641
3 47.9569393537812303 0.2135485554922068
3 47.9567525907632515 0.2131337469762107
2 47.9565472025034012 0.2127774207764843
2 47.9562919942507975 0.2125214233329009
2 47.9559914543670516 0.2124401782626095
2 47.9557880253365667 0.2126284411495893
2 47.9556740592316473 0.2132510421738254
3 47.9557367196486908 0.2137099963418754
3 47.9558727622683776 0.2141065870598213
3 47.9561699459656126 0.2146212826189142
3 47.9564030771814132 0.2149390152273178
3 47.9567287027288387 0.2154539544591527
3 47.9570123462520570 0.2159567663958595
3 47.9573559419890927 0.2163101805660284
3 47.9576997776209382 0.2167753988154519
2 47.9580427680522305 0.2172768810479919
2 47.9583683901708397 0.2178026129769428
1 47.9583808033444683 0.2182100111123897
2 47.9582348525925326 0.2185603924322876
3 47.9579139421812073 0.2186299690007543
3 47.9576810674037901 0.2182781477889706
3 47.9573598819577924 0.2177517328071454
3 47.9569724965814572 0.2173436574600718
3 47.9565934557338167 0.2167484581297297
3 47.9562083723803312 0.2162003762408760
3 47.9557686936036376 0.2157979517052011
3 47.9553585004060778 0.2152821127028881
3 47.9549298908939221 0.2148284348227447
3 47.9545688380005828 0.2143613399791411
3 47.9541828597163899 0.2138913877359405
3 47.9538891100345666 0.2135550484475002
3 47.9536466327650430 0.2132255345804279
3 47.9534598829149203 0.2130793495420336
3 47.9533392539633070 0.2128971870360541
2 47.9530973774132434 0.2126378176342580
2 47.9528023877860221 0.2125906446689641
2 47.9525654910268528 0.2128030966302474
3 47.9522948200188566 0.2130005583704264
3 47.9519440308955325 0.2128893782363472
3 47.9516704684789019 0.2127875804534640
3 47.9514263469078088 0.2126723943590014
3 47.9511139486553617 0.2125358027975199
3 47.9507609448225267 0.2123677882144137
3 47.9505519195679568 0.2122660196189630
3 47.9502412431356930 0.2121532733281795
3 47.9499519002314116 0.2120142508410772
3 47.9497175398690132 0.2119044321356678
2 47.9494642668959017 0.2116092113082635
2 47.9494014809865803 0.2111534148496075
2 47.9494900182578121 0.2107517991536279
2 47.9496672088430387 0.2104403990276826
2 47.9498452611999681 0.2100493874003861
2 47.9498708502180833 0.2096969740982657
3 47.9497691038852025 0.2093434775888614
3 47.9495789436254327 0.2091214297638344
3 47.9492532411615926 0.2089643867313562
3 47.9488601586646865 0.2088070837003953
3 47.9484824684476933 0.2086302079879587
2 47.9480767104614927 0.2083497577873961
1 47.9481252788168391 0.2078712870393340
2 47.9482136317938199 0.2075143822622816
3 47.9485366381667788 0.2075681030032173
3 47.9488294107320030 0.2075799147568125
3 47.9492381661724565 0.2075341455036450
3 47.9496596633853898 0.2075075614326895
3 47.9501159075716927 0.2075757448193571
3 47.9505187641066613 0.2075525076922147
3 47.9510333366603732 0.2075892128870582
3 47.9515375174580214 0.2076463843421283
3 47.9520965795298366 0.2077067432802560
3 47.9526372174628577 0.2077281305296674
3 47.9530970926514186 0.2076761453049825
3 47.9534988310873302 0.2078720244662735
3 47.9538726452898416 0.2079560269786196
3 47.9542850986180511 0.2082176990790474
